n = 2000, simulation time = 0.417493 seconds, absmin = 0.768147, absavg = 0.956713
n = 2000, absmin = 0.780945, absavg = 0.959368
